NYC XY DATA STATISTICS
======================

Total rows read: 46475157

x statistics:
count: 46475157
mean: -73.97393634834323
std: 0.03744296770709072
min: -74.99958801269531
max: -72.19654846191406

y statistics:
count: 46475157
mean: 40.751031979608825
std: 0.02774096600846404
min: 40.00807189941406
max: 41.9237174987793
